{
 "cells": [
  {
   "cell_type": "code",
   "execution_count": 1,
   "id": "7f906184",
   "metadata": {},
   "outputs": [],
   "source": [
    "import numpy as np\n",
    "import pandas as pd\n",
    "\n",
    "\n",
    "def invert_T(T):\n",
    "    R = T[:3, :3]\n",
    "    t = T[:3, 3]\n",
    "    Ti = np.eye(4)\n",
    "    Ti[:3, :3] = R.T\n",
    "    Ti[:3, 3] = -R.T @ t\n",
    "    return Ti\n",
    "\n",
    "def compose(R, t):\n",
    "    T = np.eye(4)\n",
    "    T[:3, :3] = R\n",
    "    T[:3, 3] = t\n",
    "    return T\n",
    "\n",
    "def euler_ZYX_to_R(z, y, x):\n",
    "    cz, sz = np.cos(z), np.sin(z)\n",
    "    cy, sy = np.cos(y), np.sin(y)\n",
    "    cx, sx = np.cos(x), np.sin(x)\n",
    "\n",
    "    Rz = np.array([[ cz, -sz,  0],\n",
    "                   [ sz,  cz,  0],\n",
    "                   [  0,   0,  1]])\n",
    "\n",
    "    Ry = np.array([[ cy,  0, sy],\n",
    "                   [  0,  1,  0],\n",
    "                   [-sy,  0, cy]])\n",
    "\n",
    "    Rx = np.array([[ 1,  0,   0],\n",
    "                   [ 0, cx, -sx],\n",
    "                   [ 0, sx,  cx]])\n",
    "\n",
    "    return Rz @ Ry @ Rx\n",
    "\n",
    "def log_SO3(R):\n",
    "    trc = np.clip((np.trace(R) - 1) / 2.0, -1.0, 1.0)\n",
    "    theta = np.arccos(trc)\n",
    "    if theta < 1e-12:\n",
    "        return np.zeros(3)\n",
    "    w = np.array([R[2,1] - R[1,2],\n",
    "                  R[0,2] - R[2,0],\n",
    "                  R[1,0] - R[0,1]]) / (2 * np.sin(theta))\n",
    "    return theta * w"
   ]
  },
  {
   "cell_type": "code",
   "execution_count": null,
   "id": "91238b4a",
   "metadata": {},
   "outputs": [],
   "source": [
    "def load_poses_csv(path):\n",
    "    df = pd.read_csv(\n",
    "        path,\n",
    "        sep=r'(?:,\\s+|\\s+)',\n",
    "        usecols=range(7),\n",
    "        header=None,\n",
    "        engine=\"python\",\n",
    "        names=[\"id\", \"X\", \"Y\", \"Z\", \"RZ\", \"RY\", \"RX\"]\n",
    "    )\n",
    "    return df\n",
    "\n",
    "def df_to_Ts(df):\n",
    "    Ts = []\n",
    "    for _, r in df.iterrows():\n",
    "        R = euler_ZYX_to_R(\n",
    "            np.deg2rad(r[\"RZ\"]),\n",
    "            np.deg2rad(r[\"RY\"]),\n",
    "            np.deg2rad(r[\"RX\"])\n",
    "        )\n",
    "        t = np.array([r[\"X\"], r[\"Y\"], r[\"Z\"]])\n",
    "        Ts.append(compose(R, t))\n",
    "    return np.array(Ts)"
   ]
  },
  {
   "cell_type": "code",
   "execution_count": null,
   "id": "a8bd4ed7",
   "metadata": {},
   "outputs": [],
   "source": [
    "def summarize_errors(As, Bs, X, Y):\n",
    "    t_errs = []\n",
    "    r_errs = []\n",
    "    for A, B in zip(As, Bs):\n",
    "        Delta = invert_T(A @ X) @ (Y @ B)\n",
    "        t_errs.append(np.linalg.norm(Delta[:3, 3]))\n",
    "        angle = np.linalg.norm(log_SO3(Delta[:3, :3])) * 180.0 / np.pi\n",
    "        r_errs.append(angle)\n",
    "\n",
    "    t_errs = np.array(t_errs)\n",
    "    r_errs = np.array(r_errs)\n",
    "\n",
    "    def stats(x):\n",
    "        return {\n",
    "            \"mean\": float(np.mean(x)),\n",
    "            \"median\": float(np.median(x)),\n",
    "            \"rmse\": float(np.sqrt(np.mean(x**2))),\n",
    "            \"p95\": float(np.percentile(x, 95)),\n",
    "            \"max\": float(np.max(x))\n",
    "        }\n",
    "    return stats(t_errs), stats(r_errs)"
   ]
  },
  {
   "cell_type": "code",
   "execution_count": 4,
   "id": "3f7308c7",
   "metadata": {},
   "outputs": [],
   "source": [
    "# https://tsapps.nist.gov/publication/get_pdf.cfm?pub_id=910225\n",
    "# https://math.loyola.edu/~mili/Calibration/AXYB/shah.m\n",
    "\n",
    "def shah(As, Bs):\n",
    "    n = len(As)\n",
    "\n",
    "    T9 = np.zeros((9, 9))\n",
    "    for i in range(n):\n",
    "        Ra = As[i][:3, :3]\n",
    "        Rb = Bs[i][:3, :3]\n",
    "        T9 = T9 + np.kron(Rb, Ra)\n",
    "\n",
    "    U, S, Vt = np.linalg.svd(T9)\n",
    "    x = Vt.T[:, 0]\n",
    "    y = U[:, 0]\n",
    "\n",
    "    Xr = np.reshape(x, (3, 3), order='F')\n",
    "    detX = np.linalg.det(Xr)\n",
    "    Xr = (np.sign(detX) / (np.abs(detX) ** (1/3))) * Xr\n",
    "    Ux, Sx, Vtx = np.linalg.svd(Xr)\n",
    "    Xr = Ux @ Vtx\n",
    "\n",
    "    Yr = np.reshape(y, (3, 3), order='F')\n",
    "    detY = np.linalg.det(Yr)\n",
    "    Yr = (np.sign(detY) / (np.abs(detY) ** (1/3))) * Yr\n",
    "    Uy, Sy, Vty = np.linalg.svd(Yr)\n",
    "    Yr = Uy @ Vty\n",
    "\n",
    "    A_lin = np.zeros((3 * n, 6))\n",
    "    b_lin = np.zeros((3 * n, 1))\n",
    "\n",
    "    vecY = np.reshape(Yr, (9, 1), order='F')\n",
    "\n",
    "    for i in range(n):\n",
    "        Ra = As[i][:3, :3]\n",
    "        ta = As[i][:3, 3].reshape(3, 1)\n",
    "        tb = Bs[i][:3, 3].reshape(3, 1)\n",
    "\n",
    "        A_lin[3*i:3*i+3, 0:3] = -Ra\n",
    "        A_lin[3*i:3*i+3, 3:6] = np.eye(3)\n",
    "\n",
    "        K = np.kron(tb.T, np.eye(3))\n",
    "        b_lin[3*i:3*i+3, 0:1] = ta - K @ vecY\n",
    "\n",
    "    t_sol, _, _, _ = np.linalg.lstsq(A_lin, b_lin, rcond=None)\n",
    "    tX = t_sol[0:3].reshape(3)\n",
    "    tY = t_sol[3:6].reshape(3)\n",
    "\n",
    "    X = compose(Xr, tX)\n",
    "    Y = compose(Yr, tY)\n",
    "    return X, Y"
   ]
  },
  {
   "cell_type": "code",
   "execution_count": 5,
   "id": "962893a7",
   "metadata": {},
   "outputs": [
    {
     "name": "stdout",
     "output_type": "stream",
     "text": [
      "X = \n",
      "[[ 0.99999  -0.002189  0.003954  0.47651 ]\n",
      " [ 0.002186  0.999997  0.000646  3.809908]\n",
      " [-0.003956 -0.000638  0.999992 77.494311]\n",
      " [ 0.        0.        0.        1.      ]]\n",
      "Y = \n",
      "[[    0.99994     -0.010143     0.004218 -6265.219803]\n",
      " [    0.010201     0.999852    -0.013884  -181.343607]\n",
      " [   -0.004076     0.013926     0.999895  3122.592561]\n",
      " [    0.           0.           0.           1.      ]]\n",
      "X^{-1} = \n",
      "[[  0.99999    0.002186  -0.003956  -0.178296]\n",
      " [ -0.002189   0.999997  -0.000638  -3.759437]\n",
      " [  0.003954   0.000646   0.999992 -77.498036]\n",
      " [  0.         0.         0.         1.      ]]\n",
      "Y^{-1} = \n",
      "[[    0.99994      0.010201    -0.004076  6279.419773]\n",
      " [   -0.010143     0.999852     0.013926    74.281555]\n",
      " [    0.004218    -0.013884     0.999895 -3098.357398]\n",
      " [    0.           0.           0.           1.      ]]\n",
      "Ошибки (translation, mm): {'mean': 3.075945229584242, 'median': 2.92247563821688, 'rmse': 4.008710257661779, 'p95': 4.790495091232605, 'max': 60.96480601065306}\n",
      "Ошибки (rotation, deg):  {'mean': 0.13334747550522183, 'median': 0.13302481386314455, 'rmse': 0.14133017780471258, 'p95': 0.21731483175130778, 'max': 0.2532357027162779}\n"
     ]
    }
   ],
   "source": [
    "np.set_printoptions(precision=6, suppress=True)\n",
    "\n",
    "file_A = \"./data/bigcalib/MeasuredPositions.txt\"\n",
    "file_B = \"./data/bigcalib/RobotPositions.txt\"\n",
    "\n",
    "dfA = load_poses_csv(file_A)\n",
    "dfB = load_poses_csv(file_B)\n",
    "\n",
    "As = df_to_Ts(dfA)\n",
    "Bs = df_to_Ts(dfB)\n",
    "\n",
    "X, Y = shah(As, Bs)\n",
    "\n",
    "print(\"X = \")\n",
    "print(X)\n",
    "print(\"Y = \")\n",
    "print(Y)\n",
    "\n",
    "Xinv = invert_T(X)\n",
    "Yinv = invert_T(Y)\n",
    "print(\"X^{-1} = \")\n",
    "print(Xinv)\n",
    "print(\"Y^{-1} = \")\n",
    "print(Yinv)\n",
    "\n",
    "t_stats, r_stats = summarize_errors(As, Bs, X, Y)\n",
    "print(\"Ошибки (translation, mm):\", t_stats)\n",
    "print(\"Ошибки (rotation, deg): \", r_stats)"
   ]
  },
  {
   "cell_type": "code",
   "execution_count": null,
   "id": "633e9f32",
   "metadata": {},
   "outputs": [],
   "source": []
  }
 ],
 "metadata": {
  "kernelspec": {
   "display_name": "project",
   "language": "python",
   "name": "python3"
  },
  "language_info": {
   "codemirror_mode": {
    "name": "ipython",
    "version": 3
   },
   "file_extension": ".py",
   "mimetype": "text/x-python",
   "name": "python",
   "nbconvert_exporter": "python",
   "pygments_lexer": "ipython3",
   "version": "3.12.10"
  }
 },
 "nbformat": 4,
 "nbformat_minor": 5
}
